5 0.64296875 0.0265625 0.0984375 0.053125
5 0.14765625 0.275 0.13671875 0.159375
6 0.15546875 0.2984375 0.08515625 0.04296875
6 0.1578125 0.03671875 0.08046875 0.02578125
5 0.6421875 0.34921875 0.09609375 0.13515625
5 0.3921875 0.35546875 0.09140625 0.11796875
6 0.6375 0.37109375 0.059375 0.0234375
6 0.40625 0.37109375 0.053125 0.028125
5 0.9546875 0.38203125 0.08203125 0.12265625
5 0.2953125 0.39609375 0.0578125 0.084375
5 0.540625 0.39609375 0.0578125 0.075
5 0.88203125 0.421875 0.03359375 0.0578125
5 0.78125 0.4265625 0.0671875 0.0671875
3 0.79453125 0.43515625 0.03515625 0.02265625
7 0.40703125 0.46171875 0.0640625 0.0515625
7 0.7734375 0.54609375 0.03671875 0.03671875
7 0.49375 0.55625 0.03125 0.03828125
7 0.45 0.61796875 0.0390625 0.05
7 0.9890625 0.63359375 0.021875 0.04375
7 0.5265625 0.634375 0.04296875 0.059375
7 0.853125 0.64453125 0.04296875 0.05
7 0.24375 0.64765625 0.040625 0.0859375
5 0.14609375 0.06953125 0.1390625 0.1390625
5 0.39296875 0.01796875 0.09375 0.0359375