5 0.6375 0.02734375 0.06875 0.0546875
5 0.63671875 0.32421875 0.0671875 0.08203125
2 0.18515625 0.45234375 0.03828125 0.04921875
2 0.37421875 0.496875 0.0328125 0.04140625
2 0.765625 0.5171875 0.03671875 0.0625
5 0.4734375 0.59375 0.071875 0.09140625
2 0.50390625 0.7046875 0.04609375 0.034375
2 0.4515625 0.77734375 0.0625 0.04921875
2 0.45625 0.8828125 0.0515625 0.03984375
2 0.5109375 0.95078125 0.06484375 0.040625
5 0.34765625 0.10234375 0.0890625 0.09375
5 0.859375 0.10703125 0.1421875 0.1078125
5 0.859375 0.23203125 0.1421875 0.1078125
5 0.34765625 0.23671875 0.0890625 0.09375