5 0.915625 0.4203125 0.134375 0.15390625
5 0.07109375 0.43515625 0.103125 0.125
5 0.74140625 0.4546875 0.05078125 0.0765625
5 0.65625 0.4625 0.0578125 0.06953125
5 0.5734375 0.4671875 0.0453125 0.06953125
5 0.853125 0.4671875 0.053125 0.103125
5 0.33203125 0.4703125 0.0625 0.06953125
5 0.18046875 0.46875 0.071875 0.09609375
5 0.46640625 0.47578125 0.0578125 0.0765625
5 0.25 0.48046875 0.0578125 0.0765625
5 0.79296875 0.48046875 0.0578125 0.08203125
7 0.5703125 0.59765625 0.03515625 0.03125
7 0.10859375 0.6859375 0.01953125 0.05