4 0.55390625 0.03046875 0.146875 0.06015625
3 0.56640625 0.3515625 0.1140625 0.0421875
4 0.365625 0.3578125 0.16328125 0.21484375
4 0.553125 0.3578125 0.14453125 0.17109375
6 0.41171875 0.3703125 0.0734375 0.05234375
4 0.365625 0.040625 0.165625 0.08125
4 0.04296875 0.421875 0.0765625 0.125
4 0.64296875 0.421875 0.06953125 0.07734375
6 0.90546875 0.446875 0.05078125 0.040625
4 0.87265625 0.44921875 0.10546875 0.1375
4 0.759375 0.46171875 0.0625 0.084375
4 0.7828125 0.4734375 0.07421875 0.09375
7 0.65078125 0.7890625 0.0796875 0.09765625
7 0.653125 0.865625 0.0796875 0.1078125