6 0.0171875 0.3765625 0.034375 0.046875
6 0.3109375 0.37890625 0.03515625 0.04140625
7 0.4984375 0.3984375 0.05390625 0.06171875
5 0.2828125 0.41484375 0.18046875 0.11796875
5 0.06640625 0.41328125 0.13203125 0.1203125
5 0.02421875 0.53125 0.0484375 0.1390625
5 0.3578125 0.5328125 0.16328125 0.13671875
2 0.5125 0.12734375 0.096875 0.14921875
7 0.47109375 0.15625 0.06171875 0.053125
6 0.33671875 0.15859375 0.053125 0.02890625
5 0.3015625 0.1625 0.12265625 0.11328125
5 0.0421875 0.1609375 0.084375 0.115625
5 0.51953125 0.18046875 0.14453125 0.14921875
7 0.490625 0.215625 0.0921875 0.06171875