3 0.421875 0.25234375 0.06484375 0.04140625
5 0.8234375 0.25625 0.1703125 0.18046875
4 0.43125 0.26484375 0.07421875 0.10625
4 0.58671875 0.2671875 0.0625 0.07265625
3 0.4890625 0.26640625 0.0890625 0.03203125
4 0.6671875 0.2734375 0.06953125 0.09375
4 0.709375 0.275 0.03828125 0.07734375
4 0.49765625 0.278125 0.1109375 0.12265625
4 0.93515625 0.2796875 0.0578125 0.07265625
4 0.08671875 0.28046875 0.071875 0.09375
6 0.13828125 0.2984375 0.0609375 0.03359375
4 0.14765625 0.3 0.09375 0.11796875
6 0.140625 0.03359375 0.0546875 0.0328125
4 0.146875 0.04609375 0.09609375 0.09140625
4 0.08671875 0.0515625 0.071875 0.09375
4 0.93515625 0.053125 0.0578125 0.07265625
7 0.14140625 0.546875 0.04140625 0.0671875
7 0.10703125 0.55546875 0.0609375 0.05
4 0.4984375 0.0578125 0.11328125 0.115625
4 0.6671875 0.059375 0.06953125 0.09375
4 0.71171875 0.0578125 0.03828125 0.07734375
4 0.58671875 0.06484375 0.0625 0.07265625
4 0.43125 0.0671875 0.07421875 0.10625
7 0.57578125 0.78359375 0.121875 0.10234375
5 0.82109375 0.0828125 0.1734375 0.165625
7 0.57890625 0.87734375 0.12890625 0.1109375