5 0.9171875 0.03359375 0.15625 0.0671875
5 0.915625 0.3484375 0.15390625 0.16640625
6 0.87734375 0.3625 0.06171875 0.021875
5 0.06484375 0.3828125 0.1296875 0.14453125
5 0.4328125 0.39375 0.0578125 0.0796875
5 0.54453125 0.3953125 0.06015625 0.08203125
5 0.20546875 0.39609375 0.1078125 0.11796875
6 0.1125 0.4 0.0421875 0.04296875
6 0.44453125 0.40234375 0.02890625 0.01953125
5 0.37109375 0.40703125 0.0796875 0.1015625
3 0.55234375 0.40859375 0.0375 0.0265625
6 0.23359375 0.41015625 0.0484375 0.02578125
6 0.3953125 0.41015625 0.02578125 0.015625
5 0.7171875 0.42890625 0.0796875 0.08671875
3 0.70078125 0.43515625 0.04609375 0.0265625
7 0.5734375 0.55390625 0.03671875 0.0328125
7 0.28515625 0.6 0.03125 0.03828125
7 0.35859375 0.64921875 0.03984375 0.021875
7 0.71328125 0.65703125 0.03671875 0.03125
7 0.04921875 0.73359375 0.0640625 0.05
7 0.04765625 0.92265625 0.046875 0.04296875