5 0.4578125 0.3171875 0.06953125 0.0984375
5 0.26171875 0.33046875 0.0671875 0.08671875
3 0.2625 0.33125 0.04375 0.021875
5 0.9125 0.35625 0.06953125 0.08203125
3 0.915625 0.36328125 0.04765625 0.01875
7 0.80859375 0.49609375 0.03515625 0.04765625
7 0.6171875 0.4953125 0.04296875 0.04140625
7 0.05390625 0.509375 0.03046875 0.03515625
7 0.51875 0.51640625 0.03203125 0.0453125
7 0.1828125 0.53984375 0.034375 0.0578125
7 0.3078125 0.55546875 0.02421875 0.040625
7 0.39609375 0.56640625 0.0234375 0.04765625
7 0.85234375 0.5734375 0.02734375 0.02890625
7 0.97890625 0.5828125 0.03984375 0.03828125
7 0.715625 0.0953125 0.05234375 0.021875
5 0.69453125 0.09765625 0.10546875 0.11796875
5 0.2625 0.01171875 0.06875 0.0234375
5 0.45703125 0.0203125 0.071875 0.040625
3 0.709375 0.20546875 0.06328125 0.04375
5 0.69453125 0.21328125 0.10546875 0.11796875