4 0.79453125 0.3828125 0.0453125 0.0578125
4 0.85703125 0.3953125 0.0453125 0.053125
4 0.98671875 0.4046875 0.021875 0.0578125
4 0.4328125 0.40859375 0.0578125 0.06953125
6 0.4265625 0.409375 0.03671875 0.0140625
5 0.025 0.41171875 0.0453125 0.115625
4 0.540625 0.41328125 0.0578125 0.06953125
4 0.9203125 0.4171875 0.03359375 0.053125
4 0.80859375 0.42265625 0.05078125 0.06953125
3 0.80703125 0.43203125 0.04140625 0.02109375
4 0.35078125 0.4328125 0.0671875 0.06484375
6 0.95234375 0.434375 0.034375 0.0203125
4 0.9484375 0.43515625 0.0453125 0.06484375
6 0.8515625 0.440625 0.03515625 0.028125
4 0.8484375 0.446875 0.04296875 0.06953125
4 0.46484375 0.453125 0.0453125 0.0671875
4 0.5046875 0.47734375 0.08203125 0.09609375
6 0.35703125 0.48515625 0.0890625 0.040625
4 0.3609375 0.4890625 0.0765625 0.09609375
4 0.64921875 0.5015625 0.08203125 0.1109375
6 0.64453125 0.50234375 0.05390625 0.0265625
7 0.93671875 0.5140625 0.028125 0.0203125
4 0.7046875 0.5171875 0.0578125 0.084375
7 0.85390625 0.55546875 0.0390625 0.05546875
7 0.61328125 0.64609375 0.059375 0.05390625
7 0.659375 0.69609375 0.078125 0.0578125
7 0.47578125 0.76484375 0.053125 0.06015625
7 0.2359375 0.7640625 0.04375 0.04453125
7 0.2453125 0.89453125 0.0734375 0.06796875
7 0.4671875 0.9 0.04921875 0.04609375
7 0.65390625 0.95859375 0.06796875 0.06171875