5 0.5671875 0.25078125 0.08203125 0.09140625
5 0.97265625 0.27265625 0.05078125 0.08203125
5 0.8640625 0.2796875 0.084375 0.1015625
5 0.71640625 0.2828125 0.03359375 0.05546875
5 0.82109375 0.284375 0.06015625 0.08203125
5 0.55859375 0.3421875 0.05078125 0.0625
5 0.2140625 0.384375 0.0578125 0.06015625
5 0.49375 0.421875 0.13203125 0.14453125
2 0.715625 0.44921875 0.04609375 0.0546875
2 0.79921875 0.4671875 0.03046875 0.02734375
5 0.71640625 0.04921875 0.03359375 0.05546875
5 0.82109375 0.0484375 0.06015625 0.08203125
5 0.8640625 0.053125 0.084375 0.1015625
7 0.63125 0.6 0.0546875 0.07734375
5 0.97265625 0.06015625 0.05078125 0.08203125
2 0.34453125 0.628125 0.0640625 0.0515625
7 0.42734375 0.67578125 0.08125 0.0796875
5 0.5671875 0.08203125 0.08203125 0.09140625
5 0.5578125 0.01171875 0.053125 0.0234375