6 0.825 0.29453125 0.1359375 0.04921875
5 0.8078125 0.30390625 0.2546875 0.275
6 0.82734375 0.0328125 0.1359375 0.06484375
5 0.24296875 0.325 0.23046875 0.240625
6 0.25859375 0.33203125 0.11875 0.07578125
5 0.48828125 0.4171875 0.16328125 0.20234375
6 0.4953125 0.42890625 0.09140625 0.05234375
7 0.540625 0.57734375 0.16796875 0.1953125
7 0.5453125 0.5859375 0.18671875 0.1796875
5 0.24296875 0.06484375 0.2328125 0.1296875
7 0.109375 0.74921875 0.20390625 0.115625
5 0.80859375 0.084375 0.25703125 0.16875
7 0.11015625 0.8953125 0.21015625 0.1421875