5 0.29453125 0.3265625 0.1609375 0.1421875
3 0.31328125 0.33046875 0.0890625 0.059375
7 0.3546875 0.3890625 0.0796875 0.0984375
7 0.7828125 0.42734375 0.0796875 0.059375
5 0.4484375 0.44453125 0.1421875 0.17578125
3 0.47109375 0.45859375 0.07734375 0.05
3 0.47734375 0.06328125 0.09921875 0.06015625
7 0.78671875 0.07734375 0.07265625 0.078125
5 0.446875 0.0796875 0.14453125 0.159375
5 0.446875 0.97109375 0.14453125 0.0484375
7 0.35234375 0.1296875 0.0703125 0.09609375
3 0.31875 0.1765625 0.06640625 0.040625
5 0.29453125 0.1890625 0.1609375 0.1421875