4 0.640625 0.47109375 0.05078125 0.0625
5 0.4578125 0.4734375 0.0453125 0.053125
4 0.36328125 0.47578125 0.053125 0.0578125
4 0.30859375 0.484375 0.0359375 0.040625
5 0.5453125 0.49140625 0.0484375 0.05078125
4 0.24375 0.49375 0.040625 0.0453125
4 0.728125 0.49765625 0.03359375 0.03359375
4 0.9046875 0.5 0.03125 0.03359375
7 0.4421875 0.58515625 0.0296875 0.03046875
7 0.2625 0.58828125 0.03046875 0.0328125
7 0.32265625 0.5890625 0.034375 0.02890625
7 0.58671875 0.59765625 0.02421875 0.02734375
7 0.51171875 0.59921875 0.01953125 0.025