5 0.5421875 0.36015625 0.09375 0.15625
6 0.53671875 0.36171875 0.0640625 0.02890625
5 0.61640625 0.3671875 0.11328125 0.16171875
6 0.60703125 0.3875 0.0703125 0.0421875
5 0.09375 0.39140625 0.15390625 0.21953125
5 0.97578125 0.4 0.04296875 0.159375
5 0.29296875 0.4015625 0.1296875 0.18046875
5 0.72109375 0.4046875 0.10078125 0.14921875
5 0.78515625 0.40390625 0.06953125 0.1328125
6 0.78671875 0.40546875 0.04375 0.025
6 0.12890625 0.40703125 0.05078125 0.028125
5 0.375 0.409375 0.053125 0.125
5 0.8859375 0.41484375 0.12265625 0.16875
6 0.871875 0.41640625 0.06171875 0.028125
6 0.71796875 0.4171875 0.06484375 0.03046875
5 0.428125 0.4375 0.0671875 0.0984375
6 0.30234375 0.4421875 0.06640625 0.03046875
7 0.878125 0.7125 0.07734375 0.07578125
7 0.959375 0.72265625 0.0484375 0.06796875
7 0.25625 0.79140625 0.08046875 0.08359375
7 0.1125 0.79296875 0.1046875 0.09296875
7 0.7640625 0.81875 0.0625 0.07578125
7 0.50078125 0.82578125 0.0453125 0.05625