5 0.553125 0.44609375 0.0765625 0.10625
6 0.54609375 0.4484375 0.0578125 0.01953125
5 0.4203125 0.4671875 0.0578125 0.08203125
5 0.475 0.47265625 0.05078125 0.07265625
5 0.18359375 0.47265625 0.06015625 0.07265625
6 0.46953125 0.47109375 0.03515625 0.02109375
5 0.359375 0.48046875 0.05078125 0.06953125
5 0.25390625 0.48828125 0.05546875 0.06953125
5 0.33203125 0.490625 0.03359375 0.06953125
7 0.09140625 0.6546875 0.03359375 0.0375
7 0.2625 0.66015625 0.0203125 0.02890625
7 0.20390625 0.6640625 0.02734375 0.04140625
7 0.4109375 0.67890625 0.034375 0.0421875
7 0.30703125 0.68203125 0.02265625 0.0296875
7 0.59375 0.70390625 0.03828125 0.04453125