5 0.709375 0.02890625 0.1390625 0.0578125
5 0.26796875 0.309375 0.06953125 0.084375
5 0.71015625 0.32890625 0.13671875 0.16640625
6 0.88046875 0.34609375 0.10625 0.0515625
2 0.1703125 0.34765625 0.046875 0.03515625
5 0.896875 0.35390625 0.15859375 0.1828125
2 0.7671875 0.39140625 0.08671875 0.1078125
5 0.37265625 0.44609375 0.08203125 0.07265625
5 0.609375 0.525 0.0984375 0.1203125
5 0.49765625 0.52890625 0.10546875 0.1328125
2 0.39609375 0.57734375 0.03203125 0.0375
2 0.6 0.61015625 0.0703125 0.059375
5 0.2671875 0.01796875 0.071875 0.0359375
2 0.90859375 0.19765625 0.11953125 0.11171875
5 0.89765625 0.021875 0.1609375 0.04375