5 0.2453125 0.38046875 0.09140625 0.115625
5 0.70703125 0.38203125 0.10078125 0.10859375
5 0.5375 0.38671875 0.06484375 0.084375
5 0.68046875 0.38828125 0.0671875 0.08671875
6 0.25859375 0.38828125 0.05078125 0.02890625
5 0.453125 0.3953125 0.07421875 0.09609375
3 0.5296875 0.39921875 0.0546875 0.01875
5 0.9171875 0.40625 0.05546875 0.075
6 0.45390625 0.40859375 0.046875 0.02265625
5 0.01953125 0.4328125 0.02890625 0.04609375
5 0.0609375 0.4359375 0.0453125 0.0671875
5 0.80859375 0.45625 0.05078125 0.075
7 0.51171875 0.5015625 0.05625 0.05390625
7 0.2015625 0.6109375 0.07109375 0.0515625
7 0.640625 0.66171875 0.03125 0.04609375
7 0.76953125 0.68203125 0.0578125 0.07265625
5 0.7078125 0.01171875 0.103125 0.0234375
5 0.24609375 0.015625 0.09375 0.03125