5 0.4390625 0.2625 0.13203125 0.1734375
6 0.45859375 0.265625 0.07578125 0.0203125
5 0.19140625 0.346875 0.09375 0.09140625
6 0.196875 0.3609375 0.04296875 0.01796875
5 0.12109375 0.3828125 0.07421875 0.07734375
5 0.0328125 0.4328125 0.05546875 0.06953125
2 0.3484375 0.4765625 0.06171875 0.04765625
2 0.23125 0.48125 0.05859375 0.0375
2 0.69140625 0.49921875 0.08046875 0.078125
2 0.0953125 0.5 0.05078125 0.040625
2 0.58046875 0.50546875 0.08359375 0.09609375
2 0.0515625 0.534375 0.05546875 0.0375
5 0.4375 0.08203125 0.134375 0.1640625
5 0.18984375 0.01953125 0.09609375 0.03828125