5 0.71171875 0.025 0.0984375 0.05
5 0.9046875 0.28515625 0.18515625 0.2328125
3 0.86796875 0.3140625 0.115625 0.0265625
5 0.5375 0.32578125 0.0890625 0.12265625
3 0.5265625 0.33046875 0.05703125 0.0265625
5 0.5359375 0.03515625 0.09140625 0.06953125
5 0.7140625 0.34140625 0.09609375 0.1203125
6 0.69140625 0.3484375 0.05078125 0.01875
5 0.384375 0.35703125 0.09609375 0.12734375
7 0.5015625 0.38515625 0.0515625 0.05859375
7 0.39375 0.4078125 0.05703125 0.05546875
7 0.434375 0.4265625 0.05625 0.06484375
7 0.75234375 0.52421875 0.0765625 0.04921875
7 0.65234375 0.52734375 0.05390625 0.05
7 0.7515625 0.56640625 0.090625 0.07109375
5 0.90390625 0.0828125 0.1875 0.165625
5 0.3859375 0.0203125 0.0984375 0.040625