4 0.63203125 0.0328125 0.10546875 0.06484375
4 0.2234375 0.315625 0.115625 0.15390625
6 0.2359375 0.32578125 0.0734375 0.034375
3 0.63125 0.33828125 0.075 0.0265625
4 0.63359375 0.33984375 0.103125 0.13046875
4 0.540625 0.359375 0.08671875 0.10625
4 0.94453125 0.36484375 0.10078125 0.11796875
4 0.80078125 0.3671875 0.10078125 0.12265625
6 0.9390625 0.371875 0.0609375 0.03046875
3 0.79921875 0.37421875 0.0703125 0.03515625
6 0.403125 0.38671875 0.08046875 0.03125
4 0.39765625 0.38671875 0.1078125 0.1421875
7 0.83125 0.44375 0.07109375 0.06875
7 0.55078125 0.44765625 0.0484375 0.06640625
7 0.90390625 0.496875 0.0328125 0.053125
4 0.225 0.05078125 0.11796875 0.1015625
7 0.16484375 0.57734375 0.07890625 0.06015625
4 0.79921875 0.015625 0.103125 0.03125
4 0.94375 0.015625 0.103125 0.03125
4 0.5421875 0.0171875 0.0890625 0.03359375