5 0.75234375 0.41796875 0.03359375 0.0578125
5 0.4640625 0.421875 0.0484375 0.06484375
5 0.1140625 0.42578125 0.03125 0.04296875
5 0.696875 0.43125 0.04296875 0.0453125
5 0.31640625 0.43515625 0.0265625 0.0484375
5 0.2671875 0.4390625 0.03359375 0.040625
5 0.0765625 0.43984375 0.03359375 0.03828125
5 0.33984375 0.4515625 0.0265625 0.03359375
5 0.3859375 0.45546875 0.0265625 0.0359375
5 0.1296875 0.4640625 0.0484375 0.0578125
7 0.4671875 0.5609375 0.0390625 0.025
7 0.075 0.5828125 0.0296875 0.0265625