5 0.93359375 0.25 0.11796875 0.1390625
5 0.69609375 0.303125 0.09375 0.115625
5 0.4328125 0.30546875 0.08671875 0.10546875
6 0.4296875 0.31953125 0.0609375 0.01484375
5 0.9328125 0.0359375 0.1203125 0.071875
5 0.1828125 0.5171875 0.08671875 0.09609375
7 0.39453125 0.51796875 0.04375 0.040625
7 0.52890625 0.5359375 0.04296875 0.0578125
5 0.06015625 0.5890625 0.1109375 0.10546875
7 0.984375 0.6234375 0.03125 0.05859375
7 0.14140625 0.62265625 0.0375 0.0390625
7 0.2265625 0.6453125 0.040625 0.04921875
7 0.1484375 0.72578125 0.10390625 0.04765625