5 0.10078125 0.0265625 0.08203125 0.053125
6 0.534375 0.028125 0.04921875 0.03203125
5 0.553125 0.2828125 0.09609375 0.1421875
5 0.2953125 0.28671875 0.08671875 0.1015625
5 0.84140625 0.30390625 0.0625 0.07734375
6 0.534375 0.3046875 0.04921875 0.0453125
5 0.10234375 0.33046875 0.0796875 0.09609375
5 0.8421875 0.03515625 0.06484375 0.06953125
2 0.10859375 0.365625 0.03984375 0.04140625
2 0.81015625 0.43046875 0.0578125 0.05625
5 0.296875 0.04921875 0.0890625 0.0984375
7 0.90625 0.5 0.0484375 0.05078125
2 0.25 0.51640625 0.0484375 0.04921875
2 0.5421875 0.53125 0.06484375 0.065625
2 0.3328125 0.53203125 0.0453125 0.0515625
5 0.55390625 0.06015625 0.0984375 0.1203125
6 0.8453125 0.0203125 0.046875 0.01640625