6 0.078125 0.37109375 0.06953125 0.0265625
4 0.47734375 0.37890625 0.09375 0.1421875
4 0.0578125 0.37890625 0.09609375 0.1078125
4 0.1734375 0.38203125 0.134375 0.15390625
6 0.49140625 0.39453125 0.07421875 0.03359375
4 0.90625 0.39453125 0.16796875 0.1734375
3 0.1921875 0.39609375 0.09609375 0.05234375
4 0.77265625 0.40234375 0.0796875 0.103125
4 0.3125 0.4046875 0.10078125 0.11328125
4 0.56875 0.40625 0.07421875 0.10546875
6 0.3296875 0.41484375 0.07734375 0.03125
3 0.77265625 0.41640625 0.0546875 0.03046875
4 0.6515625 0.41953125 0.0671875 0.084375
3 0.65703125 0.4234375 0.04921875 0.025
7 0.61953125 0.63046875 0.0421875 0.03515625