4 0.84375 0.26875 0.08671875 0.10390625
3 0.82109375 0.278125 0.04609375 0.021875
4 0.70546875 0.2984375 0.05546875 0.07265625
4 0.92890625 0.3203125 0.0359375 0.053125
5 0.60546875 0.32421875 0.03828125 0.05546875
4 0.6734375 0.32890625 0.0484375 0.04609375
4 0.4421875 0.33125 0.0671875 0.06953125
5 0.46640625 0.34453125 0.03359375 0.0578125
5 0.54453125 0.34375 0.040625 0.05546875
5 0.5109375 0.34609375 0.03125 0.04609375
5 0.178125 0.34921875 0.071875 0.08203125
4 0.70390625 0.0359375 0.0578125 0.071875
5 0.37265625 0.4359375 0.10078125 0.09609375
3 0.38515625 0.43671875 0.06328125 0.03515625
5 0.509375 0.0046875 0.03359375 0.009375
7 0.70703125 0.49375 0.05390625 0.03828125
5 0.2765625 0.51953125 0.15390625 0.1421875
7 0.78046875 0.5578125 0.03203125 0.06484375
7 0.434375 0.58671875 0.05625 0.0546875
4 0.84375 0.0640625 0.08671875 0.10390625
5 0.54296875 0.00859375 0.04296875 0.0171875
5 0.46640625 0.009375 0.0359375 0.01875
4 0.67421875 0.01328125 0.05078125 0.0265625
5 0.17890625 0.01328125 0.07421875 0.0265625
4 0.44375 0.01796875 0.06953125 0.0359375
5 0.60703125 0.01796875 0.040625 0.0359375
4 0.928125 0.0203125 0.03828125 0.040625