4 0.3890625 0.421875 0.0578125 0.07734375
4 0.1265625 0.43828125 0.0453125 0.0578125
4 0.50703125 0.43984375 0.03359375 0.04609375
4 0.9109375 0.440625 0.1296875 0.13046875
4 0.625 0.4515625 0.0578125 0.06953125
4 0.29296875 0.45625 0.02890625 0.04609375
4 0.3265625 0.4578125 0.03359375 0.04375
4 0.5484375 0.46015625 0.03828125 0.053125
7 0.35078125 0.46015625 0.03359375 0.053125
4 0.703125 0.4625 0.0265625 0.04375
4 0.7453125 0.46875 0.053125 0.05078125
7 0.4921875 0.46953125 0.02734375 0.03359375
7 0.7703125 0.5265625 0.05546875 0.0703125