5 0.97734375 0.02421875 0.040625 0.0484375
5 0.97578125 0.35703125 0.03828125 0.1421875
5 0.30390625 0.3734375 0.0890625 0.11796875
5 0.55859375 0.37890625 0.084375 0.103125
3 0.5421875 0.38515625 0.04609375 0.03515625
7 0.23671875 0.39453125 0.05546875 0.06796875
5 0.77734375 0.39765625 0.0890625 0.11796875
5 0.14453125 0.4046875 0.053125 0.06953125
5 0.96875 0.4171875 0.03828125 0.09375
5 0.1046875 0.415625 0.0359375 0.0578125
5 0.46015625 0.4265625 0.05078125 0.06953125
5 0.365625 0.4328125 0.0578125 0.071875
5 0.6578125 0.44609375 0.040625 0.05078125
7 0.34609375 0.45703125 0.04296875 0.04453125
7 0.93984375 0.58046875 0.01953125 0.040625
7 0.71875 0.5828125 0.04296875 0.03671875
7 0.60625 0.60390625 0.053125 0.05390625
7 0.74296875 0.64296875 0.04765625 0.04609375