4 0.7453125 0.25078125 0.09609375 0.1203125
6 0.33671875 0.2703125 0.0390625 0.01953125
6 0.66875 0.275 0.0453125 0.02421875
4 0.3375 0.2796875 0.05078125 0.0625
4 0.67421875 0.2890625 0.06015625 0.0671875
4 0.74609375 0.03046875 0.0984375 0.06015625
6 0.528125 0.2953125 0.04140625 0.0125
4 0.834375 0.29765625 0.0671875 0.0890625
6 0.8390625 0.2984375 0.05390625 0.01953125
4 0.52421875 0.30625 0.0484375 0.0671875
3 0.240625 0.3078125 0.0296875 0.0171875
4 0.22734375 0.309375 0.05546875 0.06953125
7 0.39375 0.425 0.028125 0.03046875
7 0.4515625 0.446875 0.0328125 0.0453125
7 0.20390625 0.47890625 0.02734375 0.028125
7 0.7234375 0.50390625 0.05234375 0.04921875