5 0.7796875 0.56484375 0.06484375 0.06953125
5 0.2015625 0.5046875 0.04296875 0.040625
5 0.42578125 0.49765625 0.053125 0.05546875
5 0.44140625 0.3984375 0.03125 0.0359375
5 0.39453125 0.41328125 0.03359375 0.03125
5 0.82578125 0.39609375 0.0453125 0.04609375
5 0.9484375 0.49296875 0.040625 0.040625
5 0.97734375 0.4171875 0.040625 0.053125
5 0.884375 0.40234375 0.02890625 0.04375
5 0.4390625 0.009375 0.034375 0.01875
5 0.82421875 0.01328125 0.0484375 0.0265625
5 0.97578125 0.00625 0.04296875 0.01171875
5 0.8859375 0.0109375 0.03125 0.021875