4 0.60703125 0.4359375 0.05546875 0.053125
3 0.5984375 0.4375 0.0390625 0.0171875
4 0.28515625 0.4421875 0.05546875 0.06953125
4 0.4734375 0.44609375 0.0484375 0.0625
4 0.82421875 0.44609375 0.0765625 0.08671875
4 0.1203125 0.453125 0.0671875 0.08203125
7 0.17734375 0.4984375 0.0609375 0.04296875
7 0.6109375 0.58515625 0.05390625 0.0375
7 0.34765625 0.59140625 0.03125 0.0359375
7 0.24765625 0.609375 0.04375 0.03828125
7 0.87265625 0.64609375 0.034375 0.03359375
4 0.47265625 0.01328125 0.05078125 0.0265625
4 0.12109375 0.01484375 0.06953125 0.02890625
4 0.28359375 0.015625 0.0578125 0.03125
4 0.60546875 0.015625 0.0578125 0.03125
4 0.82578125 0.01953125 0.0796875 0.03828125