4 0.5265625 0.025 0.075 0.05
4 0.64453125 0.0296875 0.0703125 0.059375
4 0.40390625 0.0328125 0.071875 0.06484375
4 0.4046875 0.3140625 0.06953125 0.0890625
4 0.64453125 0.31484375 0.0671875 0.08203125
6 0.41328125 0.3203125 0.05703125 0.0296875
4 0.5265625 0.32421875 0.071875 0.08203125
3 0.52890625 0.3359375 0.05234375 0.0234375
6 0.25 0.3390625 0.03359375 0.0203125
4 0.2484375 0.3453125 0.05078125 0.06015625
4 0.90859375 0.34375 0.0765625 0.08203125
4 0.76328125 0.36640625 0.040625 0.0453125
4 0.246875 0.009375 0.053125 0.01875
4 0.91015625 0.015625 0.0796875 0.03125