5 0.42109375 0.02734375 0.0640625 0.0546875
5 0.7140625 0.3046875 0.08671875 0.11328125
5 0.56640625 0.31171875 0.06953125 0.09375
5 0.4203125 0.3171875 0.0625 0.0796875
6 0.71015625 0.32109375 0.06484375 0.03046875
6 0.56015625 0.3203125 0.02421875 0.01796875
6 0.425 0.3234375 0.04296875 0.01953125
5 0.34765625 0.33125 0.05546875 0.075
5 0.56484375 0.03359375 0.071875 0.0671875
6 0.35078125 0.346875 0.03828125 0.0140625
5 0.1046875 0.37578125 0.084375 0.10625
6 0.10625 0.3875 0.06328125 0.01875
5 0.71484375 0.0421875 0.0890625 0.084375
7 0.5015625 0.51484375 0.02734375 0.02734375
7 0.5203125 0.525 0.03125 0.03359375
7 0.38203125 0.52578125 0.0328125 0.0296875
7 0.6140625 0.53046875 0.02578125 0.034375
7 0.63125 0.55625 0.03203125 0.03828125
7 0.7609375 0.59375 0.04609375 0.04921875
7 0.05078125 0.6171875 0.034375 0.0484375
7 0.19375 0.6265625 0.05546875 0.04765625
5 0.34609375 0.01953125 0.0578125 0.03828125