5 0.2453125 0.02734375 0.121875 0.0546875
5 0.2453125 0.27578125 0.1203125 0.1328125
6 0.265625 0.28984375 0.0703125 0.02109375
5 0.40859375 0.3265625 0.09140625 0.12265625
5 0.97265625 0.33515625 0.05078125 0.178125
5 0.775 0.340625 0.18046875 0.18515625
3 0.7125 0.34921875 0.05 0.01875
5 0.5828125 0.35546875 0.07421875 0.0984375
3 0.575 0.3703125 0.05859375 0.02734375
5 0.9171875 0.39140625 0.1078125 0.1375
7 0.32421875 0.446875 0.0515625 0.040625
7 0.33515625 0.5078125 0.05546875 0.05625
7 0.6359375 0.85390625 0.06953125 0.0828125