4 0.28828125 0.02421875 0.14921875 0.0484375
4 0.51171875 0.284375 0.125 0.13984375
6 0.5234375 0.28984375 0.090625 0.040625
4 0.28984375 0.33984375 0.146875 0.1734375
3 0.31640625 0.3421875 0.1078125 0.0578125
7 0.71171875 0.3546875 0.1015625 0.08828125
6 0.803125 0.35859375 0.08671875 0.03359375
4 0.7875 0.36015625 0.103125 0.12734375
4 0.171875 0.36171875 0.05546875 0.07265625
4 0.03828125 0.36953125 0.02421875 0.03125
4 0.515625 0.04375 0.12734375 0.08671875
7 0.9359375 0.715625 0.04921875 0.04765625
7 0.659375 0.7453125 0.0453125 0.05859375