5 0.55859375 0.02421875 0.06484375 0.0484375
5 0.5578125 0.2859375 0.0625 0.0765625
6 0.5578125 0.29375 0.03828125 0.0109375
5 0.4828125 0.296875 0.03359375 0.040625
5 0.61171875 0.2984375 0.06953125 0.09609375
5 0.4078125 0.30625 0.05546875 0.07421875
5 0.7015625 0.31640625 0.08203125 0.09375
6 0.70234375 0.3203125 0.04921875 0.0203125
5 0.48359375 0.009375 0.0359375 0.01875
5 0.40625 0.01328125 0.0578125 0.0265625
5 0.703125 0.01328125 0.084375 0.0265625
5 0.6109375 0.02265625 0.071875 0.0453125