3 0.14921875 0.346875 0.07734375 0.03359375
4 0.12890625 0.3578125 0.11796875 0.1328125
3 0.31015625 0.39765625 0.0625 0.03828125
4 0.290625 0.3984375 0.09609375 0.11796875
3 0.52734375 0.41640625 0.06484375 0.03828125
4 0.51953125 0.421875 0.08671875 0.1015625
4 0.33984375 0.42421875 0.0453125 0.08203125
4 0.665625 0.43515625 0.0625 0.0796875
6 0.66953125 0.43515625 0.02734375 0.01796875
4 0.603125 0.44609375 0.0671875 0.08671875
4 0.83203125 0.45078125 0.071875 0.08203125
6 0.60859375 0.44921875 0.03515625 0.03046875
4 0.12734375 0.0203125 0.1203125 0.040625