0 0.9125 0.409375 0.175 0.68359375
0 0.68828125 0.33125 0.15546875 0.55
0 0.52734375 0.2765625 0.13359375 0.446875
0 0.39453125 0.23828125 0.12421875 0.38203125
0 0.2796875 0.20703125 0.07890625 0.33125
0 0.21171875 0.18359375 0.0609375 0.29609375
0 0.1546875 0.16875 0.0609375 0.26640625
0 0.11796875 0.15234375 0.0390625 0.2453125
0 0.05703125 0.13203125 0.03515625 0.215625
0 0.87421875 0.12890625 0.0515625 0.215625
0 0.79921875 0.12109375 0.05546875 0.1953125
0 0.6015625 0.10078125 0.03359375 0.159375