0 0.1671875 0.66640625 0.21640625 0.57265625
0 0.52421875 0.6515625 0.22265625 0.57265625
0 0.8875 0.6375 0.22421875 0.5546875
0 0.9578125 0.42734375 0.084375 0.3484375
0 0.74921875 0.38671875 0.13984375 0.3125
0 0.65078125 0.43828125 0.13984375 0.3625
0 0.57109375 0.3421875 0.1140625 0.2890625
0 0.38671875 0.440625 0.13984375 0.35703125
0 0.12734375 0.4515625 0.14765625 0.365625
0 0.18828125 0.2578125 0.08828125 0.22734375
0 0.05390625 0.2421875 0.09609375 0.22421875
0 0.32578125 0.284375 0.1125 0.25625
0 0.453125 0.3140625 0.10625 0.27421875
0 0.0734375 0.128125 0.05703125 0.15078125
0 0.15859375 0.13125 0.04921875 0.15078125
0 0.2375 0.13125 0.05703125 0.15078125
0 0.31484375 0.1359375 0.046875 0.14140625
0 0.396875 0.1359375 0.053125 0.14765625
0 0.47421875 0.13984375 0.046875 0.13828125
0 0.5640625 0.14453125 0.05703125 0.1359375
0 0.64921875 0.153125 0.05546875 0.12421875
0 0.74765625 0.14921875 0.05546875 0.15078125
0 0.84765625 0.14921875 0.053125 0.14453125
0 0.9515625 0.153125 0.05703125 0.159375