0 0.3546875 0.9390625 0.034375 0.121875
0 0.63984375 0.9421875 0.0296875 0.11484375
0 0.7421875 0.9390625 0.034375 0.121875
0 0.1859375 0.93359375 0.021875 0.1328125
0 0.2703125 0.8953125 0.0375 0.109375
0 0.228125 0.890625 0.03125 0.1
0 0.0625 0.9453125 0.03515625 0.109375
0 0.92421875 0.92734375 0.04921875 0.14453125
0 0.68359375 0.88671875 0.0390625 0.12109375
0 0.9265625 0.80859375 0.0296875 0.0828125
0 0.8640625 0.7890625 0.01953125 0.0734375
0 0.82109375 0.77890625 0.0234375 0.059375
0 0.7875 0.76875 0.015625 0.05625
0 0.7609375 0.759375 0.0140625 0.05
0 0.65 0.8453125 0.02734375 0.09765625
0 0.6234375 0.82265625 0.02578125 0.0765625
0 0.31796875 0.85390625 0.01953125 0.0796875
0 0.35078125 0.82578125 0.021875 0.0765625
0 0.37265625 0.809375 0.021875 0.06796875
0 0.38984375 0.79609375 0.01796875 0.053125
0 0.15390625 0.93515625 0.03359375 0.1296875
0 0.59609375 0.7859375 0.0140625 0.05625
0 0.58515625 0.77890625 0.01171875 0.053125
0 0.7359375 0.7578125 0.01796875 0.04140625
0 0.98203125 0.7671875 0.01953125 0.046875
0 0.9375 0.75390625 0.01171875 0.05625
0 0.9 0.75078125 0.015625 0.04453125
0 0.86875 0.74765625 0.015625 0.03828125
0 0.71875 0.75546875 0.01171875 0.03515625
0 0.65234375 0.8453125 0.02734375 0.09765625
0 0.703125 0.74921875 0.0078125 0.03515625
0 0.68828125 0.74609375 0.00625 0.0296875
0 0.678125 0.7421875 0.0078125 0.0203125