0 0.20703125 0.64609375 0.0515625 0.12109375
0 0.25703125 0.64765625 0.05703125 0.11796875
0 0.31171875 0.65234375 0.05546875 0.12109375
0 0.3671875 0.65234375 0.0515625 0.115625
0 0.421875 0.65390625 0.0515625 0.11796875
0 0.475 0.65234375 0.04765625 0.109375
0 0.52734375 0.65078125 0.04140625 0.12421875
0 0.58203125 0.65078125 0.0515625 0.13046875
0 0.63515625 0.65234375 0.05546875 0.12109375
0 0.68828125 0.64765625 0.059375 0.13046875
0 0.74453125 0.65078125 0.04921875 0.11796875
0 0.796875 0.64921875 0.04765625 0.12734375
0 0.84921875 0.64921875 0.053125 0.12109375