0 0.77109375 0.46875 0.346875 0.82578125
0 0.36171875 0.64375 0.10859375 0.26328125
0 0.28515625 0.6703125 0.053125 0.15703125
0 0.21796875 0.6953125 0.04921875 0.11796875
0 0.1875 0.696875 0.02734375 0.0859375
0 0.15859375 0.7 0.021875 0.06796875
0 0.1359375 0.7 0.01171875 0.05625
0 0.1171875 0.70703125 0.0140625 0.053125
0 0.10078125 0.70390625 0.0078125 0.04140625
0 0.0828125 0.70390625 0.01171875 0.03515625
0 0.06640625 0.70703125 0.00625 0.03515625
0 0.0515625 0.70703125 0.0078125 0.0296875
0 0.03046875 0.70546875 0.00625 0.0328125
0 0.01171875 0.70546875 0.0078125 0.0265625