0 0.4703125 0.76171875 0.14765625 0.440625
0 0.49921875 0.54453125 0.0671875 0.23046875
0 0.425 0.465625 0.0609375 0.15703125
0 0.4609375 0.4453125 0.04140625 0.1390625
0 0.5890625 0.39375 0.02578125 0.09453125
0 0.634375 0.38046875 0.01796875 0.07421875
0 0.66796875 0.37109375 0.01796875 0.06796875
0 0.68359375 0.359375 0.0140625 0.05625
0 0.70546875 0.3546875 0.01015625 0.04765625
0 0.71953125 0.35390625 0.0078125 0.04453125
0 0.97421875 0.390625 0.0078125 0.053125
0 0.95078125 0.37734375 0.01171875 0.05
0 0.93125 0.3609375 0.01171875 0.04765625