2 0.59296875 0.25859375 0.04296875 0.07265625
2 0.7765625 0.26015625 0.05703125 0.0953125
2 0.7265625 0.3015625 0.0296875 0.0828125
2 0.6296875 0.3171875 0.03671875 0.03515625
6 0.1734375 0.03828125 0.103125 0.06171875
6 0.5796875 0.41484375 0.05 0.03515625
2 0.51015625 0.41640625 0.05703125 0.10234375
4 0.57265625 0.41796875 0.0828125 0.165625
2 0.33046875 0.61484375 0.10859375 0.1703125
4 0.6046875 0.6890625 0.11171875 0.20859375
6 0.5953125 0.71015625 0.08671875 0.034375
1 0.76484375 0.08515625 0.1 0.16015625
2 0.75390625 0.87890625 0.075 0.12265625
4 0.39140625 0.1234375 0.12578125 0.196875
1 0.403125 0.1546875 0.14296875 0.175
1 0.6234375 0.15859375 0.0765625 0.12265625