3 0.3953125 0.2140625 0.04296875 0.0265625
3 0.22734375 0.234375 0.05625 0.03203125
1 0.39765625 0.2359375 0.0875 0.159375
3 0.56328125 0.2390625 0.05078125 0.03203125
3 0.046875 0.25234375 0.065625 0.05703125
1 0.5671875 0.26015625 0.07265625 0.14140625
3 0.725 0.2609375 0.05390625 0.02421875
1 0.04296875 0.2765625 0.084375 0.20234375
1 0.72734375 0.2765625 0.0796875 0.1609375
3 0.903125 0.31953125 0.06796875 0.03671875
1 0.89921875 0.34453125 0.10625 0.2046875
2 0.7859375 0.38203125 0.0265625 0.08125
2 0.6296875 0.38515625 0.03046875 0.0765625
2 0.290625 0.4421875 0.04765625 0.06640625
2 0.18984375 0.44921875 0.0484375 0.06796875
2 0.534375 0.48671875 0.0375 0.07109375
2 0.60546875 0.48828125 0.0328125 0.06875
2 0.8015625 0.48984375 0.03125 0.09765625
2 0.4546875 0.49296875 0.04140625 0.07265625
2 0.975 0.50234375 0.0359375 0.1046875
2 0.36640625 0.50703125 0.03984375 0.06796875
2 0.03046875 0.5640625 0.059375 0.0609375
2 0.13046875 0.625 0.03203125 0.090625