2 0.75 0.2828125 0.03359375 0.1
2 0.52578125 0.30859375 0.06484375 0.0828125
2 0.06796875 0.3765625 0.03671875 0.04765625
2 0.35390625 0.4359375 0.04140625 0.0578125
2 0.45 0.46875 0.03359375 0.0671875
2 0.38203125 0.4703125 0.04296875 0.0546875
2 0.63359375 0.4890625 0.03359375 0.0875
2 0.2796875 0.52109375 0.03671875 0.12734375
1 0.13671875 0.175 0.05703125 0.08515625
1 0.2015625 0.19140625 0.0765625 0.1421875
1 0.3671875 0.21015625 0.075 0.11484375
1 0.76015625 0.21015625 0.0796875 0.15
1 0.52265625 0.2109375 0.06484375 0.1375
2 0.10859375 0.2359375 0.03359375 0.09765625