2 0.75078125 0.29296875 0.0890625 0.1765625
2 0.49375 0.31171875 0.084375 0.1671875
2 0.3265625 0.31953125 0.0375 0.0828125
2 0.36875 0.32109375 0.0375 0.0734375
2 0.13359375 0.32421875 0.0453125 0.0796875
2 0.06328125 0.325 0.0796875 0.146875
2 0.225 0.32578125 0.03125 0.0703125
2 0.62265625 0.33359375 0.0359375 0.0703125
2 0.57421875 0.33984375 0.0546875 0.1234375
2 0.27421875 0.34765625 0.0828125 0.1546875
3 0.14921875 0.48828125 0.1015625 0.3765625
3 0.75625 0.60546875 0.2375 0.7640625
3 0.08359375 0.61171875 0.1421875 0.7359375
3 0.4921875 0.6140625 0.19375 0.75
3 0.27734375 0.6375 0.1703125 0.703125