2 0.08203125 0.30859375 0.0796875 0.1421875
2 0.3375 0.36484375 0.078125 0.1390625
2 0.41875 0.38515625 0.0625 0.1203125
2 0.56171875 0.39375 0.0796875 0.115625
2 0.22421875 0.39921875 0.0609375 0.1140625
2 0.8625 0.40234375 0.071875 0.1203125
2 0.678125 0.421875 0.0875 0.128125
3 0.09609375 0.61796875 0.1796875 0.7484375
3 0.4296875 0.64609375 0.1375 0.6484375
3 0.3046875 0.646875 0.178125 0.703125
3 0.57109375 0.66015625 0.1984375 0.6578125
3 0.87734375 0.66640625 0.1890625 0.6640625
3 0.70234375 0.67109375 0.1578125 0.6546875