2 0.3 0.4234375 0.04375 0.071875
2 0.33828125 0.44921875 0.0484375 0.0828125
2 0.0328125 0.45234375 0.053125 0.0765625
2 0.73125 0.4625 0.0625 0.09375
2 0.384375 0.46640625 0.03125 0.0578125
2 0.5484375 0.4671875 0.04375 0.075
2 0.2578125 0.47578125 0.053125 0.0765625
2 0.47890625 0.47890625 0.0546875 0.0828125
3 0.40078125 0.63125 0.0734375 0.403125
3 0.03515625 0.63671875 0.0609375 0.4703125
3 0.5640625 0.63984375 0.078125 0.4203125
3 0.23671875 0.6625 0.1046875 0.4625
3 0.33125 0.66484375 0.084375 0.5046875
3 0.4953125 0.67421875 0.1 0.4546875
3 0.73515625 0.703125 0.1609375 0.578125