2 0.10234375 0.32578125 0.0796875 0.1296875
2 0.57890625 0.3703125 0.0359375 0.0875
2 0.6953125 0.3703125 0.06875 0.134375
2 0.8640625 0.371875 0.046875 0.084375
2 0.1921875 0.3765625 0.0625 0.1125
2 0.29765625 0.3765625 0.0578125 0.09375
2 0.55078125 0.38203125 0.0265625 0.0828125
2 0.384375 0.39296875 0.046875 0.0859375
2 0.24296875 0.396875 0.0421875 0.1
2 0.8203125 0.4125 0.0625 0.096875
2 0.96015625 0.428125 0.0578125 0.109375
2 0.903125 0.43359375 0.05625 0.1078125
3 0.69375 0.57578125 0.1125 0.5546875
3 0.39609375 0.59375 0.1421875 0.509375
3 0.58671875 0.6109375 0.1390625 0.559375
3 0.81953125 0.61171875 0.1140625 0.4953125
3 0.9171875 0.61171875 0.1125 0.4765625
3 0.1 0.61796875 0.134375 0.7359375
3 0.28203125 0.62421875 0.0984375 0.5890625
3 0.20078125 0.63671875 0.1328125 0.6609375