2 0.6703125 0.35078125 0.040625 0.0671875
2 0.240625 0.36796875 0.053125 0.1015625
2 0.575 0.3703125 0.05625 0.096875
2 0.8703125 0.3734375 0.05625 0.090625
2 0.93984375 0.3734375 0.0359375 0.075
2 0.7046875 0.38125 0.05 0.084375
2 0.34296875 0.39453125 0.0359375 0.0703125
2 0.44921875 0.40625 0.0578125 0.090625
2 0.171875 0.4078125 0.046875 0.084375
2 0.28828125 0.4078125 0.0484375 0.071875
2 0.09375 0.44375 0.06875 0.103125
3 0.93984375 0.4671875 0.0828125 0.2875
3 0.359375 0.525 0.084375 0.346875
3 0.71875 0.57890625 0.121875 0.4953125
3 0.59140625 0.58359375 0.1390625 0.5046875
3 0.87265625 0.5921875 0.1640625 0.525
3 0.45859375 0.59609375 0.1390625 0.4921875
3 0.24140625 0.60703125 0.1359375 0.5828125
3 0.08046875 0.6875 0.1546875 0.60625