2 0.47265625 0.3515625 0.0546875 0.10625
2 0.14375 0.3515625 0.06875 0.125
2 0.225 0.3703125 0.071875 0.128125
2 0.7203125 0.38359375 0.096875 0.1671875
2 0.42890625 0.4015625 0.0796875 0.14375
2 0.62578125 0.403125 0.0609375 0.134375
2 0.796875 0.4046875 0.071875 0.13125
2 0.946875 0.409375 0.025 0.05
3 0.49296875 0.47734375 0.1171875 0.3453125
3 0.1140625 0.5 0.125 0.440625
3 0.94765625 0.5078125 0.0796875 0.25625
3 0.7390625 0.58203125 0.159375 0.5546875
3 0.8359375 0.59375 0.15 0.54375
3 0.625 0.59609375 0.15 0.5046875
3 0.22265625 0.65234375 0.1609375 0.6859375
3 0.41953125 0.6625 0.1671875 0.653125