2 0.078125 0.18203125 0.134375 0.2078125
2 0.24765625 0.21171875 0.0953125 0.1421875
2 0.7421875 0.22421875 0.084375 0.1328125
2 0.9609375 0.253125 0.071875 0.125
2 0.41796875 0.25859375 0.0640625 0.1234375
2 0.19140625 0.27265625 0.0421875 0.1015625
2 0.61015625 0.28671875 0.0609375 0.0890625
2 0.2703125 0.31328125 0.04375 0.0828125
3 0.615625 0.4921875 0.109375 0.496875
3 0.92578125 0.52734375 0.1453125 0.6796875
3 0.09453125 0.534375 0.1640625 0.8875
3 0.42421875 0.54140625 0.1734375 0.6828125
3 0.253125 0.56875 0.2 0.85
3 0.7265625 0.57421875 0.19375 0.8484375