2 0.85703125 0.4171875 0.0390625 0.065625
2 0.65 0.4359375 0.046875 0.084375
2 0.4953125 0.4640625 0.053125 0.1
2 0.34609375 0.46875 0.0328125 0.059375
2 0.38671875 0.47421875 0.0359375 0.0546875
2 0.3 0.4828125 0.040625 0.08125
2 0.44765625 0.484375 0.0359375 0.071875
2 0.328125 0.48984375 0.025 0.0546875
2 0.0328125 0.51640625 0.034375 0.0671875
2 0.15078125 0.5203125 0.0421875 0.084375
2 0.1921875 0.52890625 0.015625 0.0421875
2 0.11171875 0.53515625 0.0234375 0.0421875
3 0.39609375 0.5796875 0.0640625 0.25625
3 0.84765625 0.5828125 0.1140625 0.396875
3 0.634375 0.61796875 0.11875 0.4546875
3 0.05 0.6671875 0.090625 0.35
3 0.50078125 0.67421875 0.1453125 0.4953125
3 0.15390625 0.67578125 0.1171875 0.4171875
3 0.29609375 0.68359375 0.1296875 0.4734375