2 0.34375 0.4890625 0.040625 0.0625
2 0.628125 0.50625 0.028125 0.05625
2 0.54765625 0.51015625 0.0296875 0.0546875
2 0.68671875 0.515625 0.0453125 0.075
2 0.75 0.525 0.03125 0.053125
2 0.5203125 0.528125 0.03125 0.059375
2 0.725 0.528125 0.025 0.059375
2 0.8078125 0.55234375 0.046875 0.0828125
3 0.62578125 0.653125 0.0796875 0.353125
3 0.32421875 0.671875 0.1015625 0.44375
3 0.7515625 0.67734375 0.05625 0.3640625
3 0.51171875 0.6921875 0.1078125 0.409375
3 0.68203125 0.696875 0.0953125 0.428125
3 0.81328125 0.7484375 0.0921875 0.46875