2 0.465625 0.22578125 0.075 0.1203125
2 0.078125 0.22890625 0.065625 0.1203125
2 0.2640625 0.2328125 0.05625 0.11875
2 0.8171875 0.234375 0.053125 0.09375
2 0.6140625 0.2421875 0.075 0.140625
2 0.390625 0.246875 0.075 0.1375
2 0.98359375 0.2640625 0.0296875 0.090625
2 0.67265625 0.265625 0.0421875 0.08125
2 0.88203125 0.26796875 0.0703125 0.1421875
2 0.21171875 0.27265625 0.0671875 0.1296875
2 0.7296875 0.3203125 0.06875 0.11875
3 0.96015625 0.4578125 0.0765625 0.496875
3 0.8015625 0.4625 0.103125 0.565625
3 0.08359375 0.50390625 0.1546875 0.6671875
3 0.48984375 0.53125 0.1265625 0.703125
3 0.74140625 0.56328125 0.1140625 0.6203125
3 0.21484375 0.571875 0.1671875 0.740625
3 0.63671875 0.57265625 0.2015625 0.7953125
3 0.38828125 0.57265625 0.1953125 0.7828125
3 0.89296875 0.58828125 0.1890625 0.7421875