2 0.978125 0.2359375 0.040625 0.25625
2 0.790625 0.2765625 0.109375 0.19375
2 0.86953125 0.30546875 0.0578125 0.1078125
2 0.615625 0.33984375 0.059375 0.0984375
2 0.4765625 0.38203125 0.04375 0.0828125
2 0.3921875 0.396875 0.071875 0.13125
2 0.30625 0.4078125 0.046875 0.08125
2 0.178125 0.4328125 0.046875 0.090625
2 0.08125 0.4328125 0.053125 0.090625
3 0.63984375 0.56796875 0.1671875 0.5578125
3 0.4921875 0.5734375 0.121875 0.48125
3 0.8421875 0.58515625 0.3 0.7953125
3 0.19453125 0.5921875 0.1328125 0.434375
3 0.31015625 0.6 0.1109375 0.465625
3 0.090625 0.64140625 0.134375 0.5109375
3 0.4109375 0.66015625 0.159375 0.6515625