2 0.7234375 0.24296875 0.121875 0.2078125
2 0.26171875 0.2953125 0.1296875 0.228125
2 0.41484375 0.31015625 0.0578125 0.1484375
2 0.5625 0.3234375 0.075 0.15625
2 0.89453125 0.3359375 0.0578125 0.096875
2 0.6140625 0.35234375 0.034375 0.0890625
2 0.3703125 0.35859375 0.096875 0.2109375
2 0.16015625 0.36484375 0.0796875 0.1296875
3 0.90234375 0.4921875 0.1140625 0.428125
3 0.7484375 0.55859375 0.290625 0.8359375
3 0.25625 0.59375 0.24375 0.79375
3 0.56328125 0.60859375 0.1703125 0.7296875
3 0.41171875 0.61796875 0.2140625 0.7171875