2 0.5109375 0.28203125 0.0375 0.0796875
2 0.84765625 0.29765625 0.0421875 0.0703125
2 0.425 0.3 0.065625 0.121875
2 0.56796875 0.303125 0.0359375 0.075
2 0.24921875 0.30390625 0.0578125 0.1015625
2 0.31875 0.30859375 0.05 0.0828125
2 0.1296875 0.309375 0.053125 0.0875
2 0.93671875 0.32109375 0.0390625 0.0671875
2 0.59296875 0.3328125 0.0609375 0.1125
2 0.80703125 0.3453125 0.0578125 0.0875
3 0.93828125 0.47109375 0.1015625 0.3734375
3 0.51328125 0.475 0.1046875 0.475
3 0.3359375 0.5203125 0.11875 0.503125
3 0.13046875 0.52890625 0.1390625 0.5359375
3 0.24609375 0.55625 0.1140625 0.6125
3 0.78984375 0.5609375 0.1578125 0.53125
3 0.42734375 0.615625 0.1640625 0.746875
3 0.609375 0.625 0.175 0.696875