2 0.18984375 0.371875 0.0890625 0.171875
2 0.85390625 0.409375 0.0609375 0.103125
2 0.46796875 0.4265625 0.0390625 0.08125
2 0.58515625 0.4265625 0.0453125 0.08125
2 0.3046875 0.42890625 0.028125 0.0703125
2 0.690625 0.4296875 0.05625 0.0875
2 0.3390625 0.434375 0.04375 0.084375
3 0.853125 0.603125 0.15625 0.490625
3 0.703125 0.609375 0.125 0.453125
3 0.371875 0.6203125 0.153125 0.45
3 0.49140625 0.6203125 0.1140625 0.45
3 0.58515625 0.625 0.1265625 0.490625
3 0.1953125 0.6328125 0.215625 0.70625