6 0.4328125 0.37734375 0.165625 0.1703125
7 0.7734375 0.40078125 0.2 0.1640625
1 0.73203125 0.41796875 0.0890625 0.0671875
7 0.64296875 0.45078125 0.1640625 0.1390625
1 0.6171875 0.49609375 0.09375 0.0640625
3 0.4109375 0.6421875 0.290625 0.7125
3 0.80625 0.65234375 0.28125 0.6890625
3 0.15234375 0.6546875 0.3015625 0.6875
3 0.6078125 0.68828125 0.159375 0.6203125
5 0.42578125 0.765625 0.2546875 0.45
5 0.8046875 0.7796875 0.271875 0.4375
5 0.1671875 0.80390625 0.30625 0.3671875
5 0.625 0.8109375 0.1625 0.3125