7 0.6015625 0.3265625 0.06875 0.121875
5 0.60625 0.37421875 0.134375 0.2234375
3 0.5984375 0.38984375 0.16875 0.2546875
6 0.721875 0.41015625 0.06875 0.1140625
5 0.72265625 0.42890625 0.1265625 0.2140625
3 0.7171875 0.4515625 0.13125 0.26875
6 0.5484375 0.5234375 0.078125 0.09375
6 0.77734375 0.546875 0.0828125 0.1
5 0.50234375 0.58515625 0.1046875 0.2546875
3 0.7640625 0.64140625 0.134375 0.2953125
3 0.50703125 0.6453125 0.1390625 0.38125
7 0.621875 0.665625 0.071875 0.103125
3 0.61171875 0.77265625 0.1734375 0.3265625
5 0.6078125 0.8046875 0.134375 0.21875