5 0.83515625 0.27890625 0.0890625 0.2296875
7 0.5734375 0.3125 0.0625 0.1
5 0.071875 0.321875 0.096875 0.25
3 0.828125 0.34375 0.128125 0.58125
3 0.0890625 0.36875 0.14375 0.56875
0 0.35 0.378125 0.0625 0.103125
5 0.46484375 0.41484375 0.0984375 0.2390625
3 0.58046875 0.41796875 0.1234375 0.3296875
5 0.565625 0.446875 0.071875 0.153125
3 0.46484375 0.4484375 0.1078125 0.353125
3 0.390625 0.44921875 0.059375 0.2640625
5 0.384375 0.48828125 0.0625 0.1578125
5 0.31015625 0.55625 0.0828125 0.3
3 0.3171875 0.6390625 0.115625 0.646875
7 0.06484375 0.1453125 0.0734375 0.078125