1 0.27578125 0.2546875 0.0796875 0.040625
1 0.66796875 0.26328125 0.0828125 0.0453125
1 0.090625 0.26328125 0.084375 0.0515625
5 0.478125 0.45703125 0.23125 0.4234375
5 0.85546875 0.4578125 0.1671875 0.38125
5 0.271875 0.49609375 0.196875 0.3578125
3 0.4765625 0.525 0.303125 0.93125
5 0.71328125 0.52578125 0.2046875 0.4203125
3 0.84609375 0.5328125 0.2046875 0.8875
5 0.1265625 0.5359375 0.190625 0.4125
3 0.26796875 0.55625 0.2328125 0.815625
3 0.69765625 0.55859375 0.2453125 0.8796875
3 0.11875 0.5625 0.209375 0.85
7 0.4671875 0.11953125 0.1125 0.1015625
7 0.83671875 0.1578125 0.1140625 0.1
1 0.46015625 0.16796875 0.0765625 0.0453125
7 0.0921875 0.203125 0.128125 0.11875
4 0.26953125 0.20390625 0.1078125 0.0921875
6 0.68671875 0.20703125 0.1328125 0.1078125