1 0.390625 0.4625 0.084375 0.05625
1 0.67578125 0.44609375 0.0671875 0.0609375
5 0.17109375 0.81640625 0.2359375 0.3640625
5 0.36640625 0.76171875 0.1859375 0.4671875
5 0.58515625 0.8109375 0.2234375 0.375
5 0.7921875 0.7671875 0.24375 0.45625
3 0.1765625 0.703125 0.259375 0.584375
3 0.3796875 0.66328125 0.1875 0.6671875
3 0.57578125 0.7171875 0.2328125 0.553125
3 0.81640625 0.6546875 0.3484375 0.6875
2 0.228125 0.50625 0.146875 0.190625
2 0.3734375 0.4234375 0.128125 0.16875
2 0.58515625 0.52421875 0.1328125 0.1734375
2 0.72578125 0.41484375 0.1484375 0.1796875