5 0.87109375 0.3734375 0.1078125 0.321875
5 0.9421875 0.44453125 0.053125 0.2171875
5 0.78359375 0.46640625 0.0953125 0.3421875
5 0.61640625 0.49375 0.1421875 0.43125
3 0.47734375 0.49609375 0.2390625 0.9859375
3 0.87109375 0.50390625 0.1171875 0.9390625
3 0.27578125 0.5046875 0.2859375 0.971875
5 0.69609375 0.51640625 0.1171875 0.3921875
5 0.47578125 0.53125 0.2109375 0.5
3 0.609375 0.534375 0.11875 0.928125
3 0.78828125 0.5453125 0.0953125 0.85625
3 0.7015625 0.55390625 0.10625 0.8734375
5 0.05546875 0.60859375 0.0921875 0.3890625
5 0.26171875 0.6515625 0.2046875 0.6
7 0.50546875 0.096875 0.1640625 0.15625
6 0.8859375 0.1046875 0.10625 0.096875
7 0.31640625 0.11796875 0.2078125 0.1796875
7 0.1328125 0.134375 0.128125 0.1375
7 0.621875 0.1421875 0.115625 0.1375
6 0.7875 0.18046875 0.090625 0.1328125
4 0.71484375 0.20078125 0.1015625 0.1421875