7 0.40078125 0.2859375 0.1203125 0.1125
6 0.5140625 0.2921875 0.121875 0.125
7 0.10390625 0.29765625 0.1046875 0.1171875
4 0.25703125 0.32265625 0.1015625 0.1296875
7 0.71875 0.325 0.09375 0.084375
3 0.86875 0.51328125 0.259375 0.9296875
5 0.7234375 0.56953125 0.08125 0.2671875
5 0.11015625 0.5734375 0.1421875 0.34375
3 0.71484375 0.584375 0.1140625 0.70625
5 0.84609375 0.60234375 0.2140625 0.5265625
3 0.54921875 0.603125 0.2234375 0.76875
3 0.11796875 0.609375 0.1671875 0.75625
3 0.40625 0.61328125 0.14375 0.7703125
3 0.26796875 0.61640625 0.1859375 0.7390625
5 0.25625 0.64453125 0.146875 0.3609375
5 0.5296875 0.6515625 0.18125 0.428125
6 0.82421875 0.1515625 0.1640625 0.153125