6 0.29453125 0.19921875 0.1546875 0.2109375
6 0.965625 0.2125 0.065625 0.159375
1 0.6390625 0.22578125 0.11875 0.0765625
6 0.921875 0.240625 0.096875 0.18125
1 0.303125 0.278125 0.103125 0.053125
6 0.48125 0.28125 0.153125 0.234375
1 0.91484375 0.3203125 0.0796875 0.065625
1 0.46953125 0.39921875 0.1015625 0.0484375
3 0.671875 0.50625 0.275 0.984375
5 0.1375 0.53671875 0.2625 0.6234375
3 0.28828125 0.5375 0.1421875 0.909375
3 0.93828125 0.5640625 0.1203125 0.871875
3 0.846875 0.5640625 0.21875 0.86875
3 0.46015625 0.57890625 0.2265625 0.8296875
5 0.66640625 0.659375 0.2546875 0.678125
5 0.83515625 0.6828125 0.1046875 0.625
5 0.44765625 0.71171875 0.2421875 0.5734375
5 0.93359375 0.72578125 0.1296875 0.5453125
5 0.30234375 0.803125 0.1046875 0.303125
6 0.13515625 0.840625 0.1515625 0.265625
6 0.63203125 0.115625 0.1671875 0.190625
2 0.1625 0.1359375 0.121875 0.25