3 0.59375 0.471875 0.2875 0.9375
3 0.08359375 0.25703125 0.1140625 0.4078125
3 0.81640625 0.28203125 0.0796875 0.3640625
3 0.8953125 0.2984375 0.075 0.36875
5 0.07578125 0.18671875 0.0921875 0.1828125
5 0.59296875 0.2671875 0.1953125 0.3875
5 0.81953125 0.215625 0.0859375 0.146875
5 0.89375 0.23515625 0.06875 0.1421875
3 0.9484375 0.15390625 0.0375 0.1578125
2 0.0890625 0.0796875 0.053125 0.04375
2 0.53828125 0.040625 0.0796875 0.071875
2 0.8140625 0.1203125 0.034375 0.04375
2 0.88515625 0.13359375 0.0328125 0.0484375