6 0.11953125 0.3765625 0.1171875 0.125
6 0.22421875 0.3359375 0.0859375 0.103125
0 0.36640625 0.36953125 0.0921875 0.0984375
6 0.53125 0.38125 0.103125 0.121875
6 0.63125 0.35 0.103125 0.1
0 0.7296875 0.41640625 0.103125 0.1234375
6 0.79921875 0.33359375 0.1265625 0.1265625
5 0.3578125 0.63671875 0.175 0.3515625
5 0.51875 0.628125 0.134375 0.321875
5 0.64296875 0.628125 0.1203125 0.346875
5 0.740625 0.6484375 0.10625 0.34375
5 0.8296875 0.66640625 0.1625 0.4234375
3 0.11875 0.653125 0.159375 0.690625
3 0.21640625 0.63984375 0.1296875 0.7171875
3 0.3609375 0.5796875 0.16875 0.540625
3 0.5109375 0.5703125 0.146875 0.515625
3 0.64453125 0.5640625 0.1359375 0.528125
3 0.7375 0.5890625 0.109375 0.471875
3 0.82265625 0.63515625 0.1546875 0.7265625