6 0.11953125 0.17421875 0.1953125 0.2109375
6 0.8703125 0.25859375 0.225 0.2203125
1 0.15625 0.26640625 0.078125 0.0515625
6 0.60625 0.29453125 0.065625 0.0890625
6 0.290625 0.30390625 0.09375 0.0890625
6 0.71015625 0.315625 0.0859375 0.10625
6 0.471875 0.32578125 0.06875 0.1109375
1 0.29296875 0.34296875 0.0515625 0.0265625
6 0.79453125 0.42734375 0.0546875 0.0984375
3 0.8015625 0.459375 0.071875 0.1875
3 0.29140625 0.5046875 0.1515625 0.503125
6 0.18828125 0.5140625 0.0796875 0.125
3 0.13203125 0.53046875 0.2265625 0.9171875
5 0.45546875 0.54296875 0.1390625 0.2953125
5 0.70390625 0.55390625 0.1453125 0.2984375
3 0.70078125 0.55625 0.1609375 0.578125
3 0.84140625 0.57109375 0.3046875 0.8515625
5 0.29375 0.57265625 0.140625 0.3421875
3 0.1828125 0.58046875 0.090625 0.2796875
3 0.5984375 0.61640625 0.125 0.7609375
3 0.4640625 0.63984375 0.153125 0.7140625
5 0.12109375 0.6953125 0.2109375 0.5625
5 0.85859375 0.73203125 0.2796875 0.4703125