4 0.03046875 0.3484375 0.0609375 0.071875
4 0.05 0.2984375 0.05 0.0375
4 0.41015625 0.28984375 0.0359375 0.0265625
4 0.54140625 0.3203125 0.0515625 0.059375
4 0.63828125 0.296875 0.0546875 0.059375
4 0.85234375 0.321875 0.0671875 0.084375
3 0.0578125 0.6046875 0.115625 0.6375
3 0.2328125 0.54140625 0.175 0.5421875
3 0.35 0.4921875 0.109375 0.403125
3 0.30859375 0.44921875 0.0765625 0.3765625
3 0.4328125 0.45 0.109375 0.365625
3 0.5453125 0.5046875 0.125 0.45625
3 0.62734375 0.45703125 0.0921875 0.3859375
3 0.70859375 0.62578125 0.2015625 0.6765625
3 0.84765625 0.58984375 0.1640625 0.6671875