3 0.20625 0.65703125 0.1375 0.6234375
3 0.33125 0.66796875 0.1 0.5328125
3 0.41796875 0.6421875 0.1109375 0.56875
3 0.509375 0.603125 0.09375 0.521875
3 0.603125 0.496875 0.078125 0.240625
3 0.628125 0.7171875 0.090625 0.5
3 0.71015625 0.68359375 0.1046875 0.6046875
3 0.821875 0.6875 0.121875 0.58125
2 0.228125 0.384375 0.04375 0.06875
2 0.3421875 0.434375 0.040625 0.059375
2 0.6078125 0.41328125 0.04375 0.0578125
2 0.63046875 0.49609375 0.0390625 0.0578125
2 0.69609375 0.4078125 0.0421875 0.059375
2 0.81328125 0.4359375 0.0453125 0.059375