6 0.21875 0.49453125 0.053125 0.0484375
6 0.36171875 0.503125 0.0453125 0.05
6 0.3734375 0.4703125 0.034375 0.04375
6 0.45234375 0.47421875 0.0421875 0.0453125
6 0.50078125 0.45625 0.0421875 0.040625
6 0.58203125 0.4734375 0.0359375 0.040625
6 0.70546875 0.41640625 0.0671875 0.0765625
5 0.21171875 0.6171875 0.0890625 0.165625
5 0.36484375 0.6125 0.0828125 0.15625
5 0.4578125 0.5953125 0.078125 0.171875
5 0.5015625 0.56328125 0.053125 0.1421875
5 0.5765625 0.54765625 0.046875 0.1015625
5 0.621875 0.5875 0.071875 0.159375
5 0.71484375 0.5640625 0.1078125 0.21875
5 0.3953125 0.5671875 0.034375 0.125
3 0.221875 0.675 0.140625 0.434375
3 0.36328125 0.65859375 0.0984375 0.3578125
3 0.384375 0.57578125 0.071875 0.2484375
3 0.45859375 0.6515625 0.0828125 0.40625
3 0.5078125 0.60546875 0.075 0.3609375
3 0.57734375 0.5796875 0.0703125 0.26875
3 0.62421875 0.64296875 0.0734375 0.3484375
3 0.7140625 0.65078125 0.109375 0.5578125