0 0.39921875 0.428125 0.0546875 0.0625
0 0.24296875 0.4359375 0.0734375 0.075
0 0.20546875 0.4125 0.0515625 0.05
0 0.3296875 0.43515625 0.034375 0.0359375
0 0.446875 0.44921875 0.040625 0.0390625
0 0.5640625 0.465625 0.046875 0.04375
0 0.66484375 0.453125 0.0359375 0.0375
0 0.71484375 0.48359375 0.0484375 0.0546875
5 0.23203125 0.62265625 0.1328125 0.2703125
5 0.4046875 0.6046875 0.11875 0.23125
5 0.57109375 0.56953125 0.0796875 0.1421875
5 0.7140625 0.59453125 0.096875 0.1640625
5 0.66328125 0.50625 0.0390625 0.084375
5 0.45625 0.55078125 0.065625 0.1421875
5 0.1890625 0.49609375 0.0375 0.0734375
5 0.32734375 0.53828125 0.0703125 0.1203125
3 0.24140625 0.69453125 0.1546875 0.5859375
3 0.184375 0.5125 0.08125 0.25625
3 0.32890625 0.590625 0.0890625 0.35625
3 0.40859375 0.69609375 0.1609375 0.5890625
3 0.4625 0.53203125 0.084375 0.2171875
3 0.5734375 0.6234375 0.078125 0.365625
3 0.72109375 0.65234375 0.1109375 0.3953125
3 0.66875 0.54296875 0.046875 0.2078125