2 0.63203125 0.45 0.0484375 0.084375
2 0.2296875 0.4640625 0.05625 0.0875
2 0.5796875 0.4765625 0.04375 0.08125
2 0.359375 0.47734375 0.034375 0.0734375
2 0.44921875 0.48359375 0.0453125 0.0796875
2 0.09609375 0.4890625 0.0421875 0.08125
2 0.13984375 0.4921875 0.0515625 0.096875
2 0.26875 0.49375 0.046875 0.06875
2 0.3109375 0.4953125 0.034375 0.078125
3 0.58359375 0.63515625 0.0890625 0.4265625
3 0.37890625 0.6578125 0.1046875 0.4
3 0.06796875 0.66015625 0.0859375 0.4671875
3 0.6546875 0.66875 0.103125 0.496875
3 0.4578125 0.67109375 0.11875 0.4390625
3 0.3125 0.67734375 0.05625 0.4109375
3 0.2421875 0.6984375 0.071875 0.5375
3 0.146875 0.721875 0.140625 0.55