2 0.13671875 0.415625 0.0984375 0.165625
2 0.275 0.44140625 0.08125 0.1265625
2 0.48515625 0.45703125 0.0546875 0.1078125
2 0.67265625 0.47265625 0.0578125 0.1046875
2 0.3703125 0.48359375 0.05625 0.1140625
2 0.40703125 0.48515625 0.0265625 0.1296875
2 0.72734375 0.5 0.0390625 0.08125
2 0.440625 0.5109375 0.0375 0.078125
3 0.1234375 0.65859375 0.203125 0.6796875
3 0.284375 0.68046875 0.146875 0.6265625
3 0.50390625 0.703125 0.1609375 0.584375
3 0.7125 0.71015625 0.1875 0.5765625
3 0.38359375 0.71796875 0.1078125 0.5609375