2 0.471875 0.34765625 0.084375 0.1953125
2 0.7421875 0.34765625 0.096875 0.1828125
2 0.0890625 0.35078125 0.134375 0.2390625
2 0.365625 0.35703125 0.071875 0.1359375
2 0.521875 0.35703125 0.053125 0.1421875
2 0.5859375 0.38828125 0.065625 0.1265625
2 0.6609375 0.3921875 0.08125 0.1625
2 0.88984375 0.39609375 0.0671875 0.1546875
2 0.1921875 0.4078125 0.084375 0.184375
3 0.49453125 0.60390625 0.2109375 0.6890625
3 0.0859375 0.60390625 0.15625 0.7515625
3 0.7765625 0.62421875 0.21875 0.7203125
3 0.35390625 0.63828125 0.1421875 0.6921875
3 0.22109375 0.6421875 0.1453125 0.6375
3 0.653125 0.65 0.115625 0.675
3 0.88828125 0.65625 0.1015625 0.66875