2 0.6859375 0.20234375 0.071875 0.1234375
2 0.8 0.22109375 0.065625 0.1109375
2 0.6328125 0.234375 0.05625 0.103125
2 0.46796875 0.24296875 0.0640625 0.1140625
2 0.3140625 0.25390625 0.053125 0.0984375
3 0.1921875 0.30703125 0.05 0.1328125
2 0.38125 0.35 0.0375 0.05
3 0.3078125 0.4890625 0.13125 0.565625
3 0.48046875 0.49453125 0.1578125 0.6296875
3 0.8765625 0.515625 0.196875 0.959375
3 0.6109375 0.52890625 0.125 0.7046875
3 0.70390625 0.5703125 0.1140625 0.85625
2 0.86015625 0.1265625 0.1078125 0.1625