2 0.434375 0.3765625 0.053125 0.0875
2 0.5671875 0.40390625 0.05 0.0921875
2 0.32109375 0.40625 0.0421875 0.078125
2 0.6796875 0.434375 0.04375 0.08125
2 0.76328125 0.434375 0.0421875 0.06875
2 0.865625 0.46875 0.040625 0.065625
2 0.721875 0.48046875 0.028125 0.0609375
2 0.80703125 0.48515625 0.0296875 0.0640625
3 0.3265625 0.6015625 0.125 0.459375
3 0.7609375 0.6046875 0.10625 0.421875
3 0.4328125 0.60625 0.140625 0.559375
3 0.87265625 0.609375 0.0796875 0.34375
3 0.68046875 0.6265625 0.1171875 0.475
3 0.559375 0.6296875 0.14375 0.54375