2 0.5953125 0.43203125 0.05 0.0796875
2 0.20390625 0.4453125 0.0390625 0.06875
2 0.7765625 0.45234375 0.05625 0.0828125
2 0.3140625 0.4546875 0.034375 0.05625
2 0.69609375 0.46015625 0.0421875 0.0671875
2 0.465625 0.4703125 0.034375 0.05625
2 0.07578125 0.4828125 0.0296875 0.053125
2 0.91015625 0.49140625 0.0421875 0.0640625
3 0.2046875 0.5984375 0.1125 0.396875
3 0.07265625 0.6046875 0.0859375 0.2875
3 0.3046875 0.6046875 0.103125 0.35625
3 0.9046875 0.615625 0.109375 0.328125
3 0.45625 0.6171875 0.096875 0.359375
3 0.69609375 0.6328125 0.1078125 0.4125
3 0.60390625 0.6390625 0.1296875 0.509375
3 0.778125 0.64765625 0.121875 0.4734375