2 0.0859375 0.1890625 0.053125 0.1625
2 0.14140625 0.1984375 0.0578125 0.16875
2 0.22890625 0.20234375 0.0609375 0.1171875
2 0.3046875 0.21171875 0.053125 0.1109375
2 0.5953125 0.22109375 0.053125 0.0921875
2 0.5359375 0.221875 0.028125 0.06875
2 0.45 0.2265625 0.03125 0.0875
2 0.37890625 0.234375 0.0265625 0.071875
2 0.484375 0.240625 0.04375 0.096875
2 0.675 0.240625 0.025 0.071875
2 0.34921875 0.2484375 0.0296875 0.075
2 0.6984375 0.25546875 0.028125 0.0609375
3 0.690625 0.38125 0.08125 0.35
3 0.228125 0.40234375 0.11875 0.5140625
3 0.37421875 0.4140625 0.0578125 0.415625
3 0.47578125 0.4375 0.1203125 0.5
3 0.32265625 0.4515625 0.1390625 0.590625
3 0.59453125 0.46875 0.1046875 0.575