2 0.41171875 0.3546875 0.0328125 0.071875
2 0.303125 0.35625 0.046875 0.08125
2 0.621875 0.3578125 0.040625 0.071875
2 0.3328125 0.3609375 0.0375 0.071875
2 0.10078125 0.3640625 0.0296875 0.053125
2 0.890625 0.36875 0.053125 0.0875
2 0.14765625 0.36875 0.0609375 0.10625
2 0.2671875 0.3765625 0.034375 0.071875
2 0.49609375 0.38125 0.0390625 0.06875
2 0.7859375 0.39375 0.046875 0.06875
3 0.4140625 0.5140625 0.084375 0.371875
3 0.509375 0.5453125 0.10625 0.396875
3 0.625 0.546875 0.10625 0.44375
3 0.290625 0.57421875 0.115625 0.5234375
3 0.89453125 0.57578125 0.1171875 0.5109375
3 0.78671875 0.58203125 0.1109375 0.4296875
3 0.14765625 0.62421875 0.1546875 0.6234375