7 0.27890625 0.25859375 0.1203125 0.1171875
3 0.3890625 0.28125 0.14375 0.340625
6 0.75546875 0.29140625 0.1046875 0.1140625
6 0.55625 0.30546875 0.109375 0.1140625
5 0.39765625 0.30625 0.1078125 0.165625
3 0.484375 0.31796875 0.121875 0.2984375
5 0.4734375 0.33515625 0.071875 0.1515625
3 0.728125 0.35859375 0.15 0.2640625
7 0.8171875 0.37421875 0.1375 0.1078125
3 0.29375 0.375 0.178125 0.3375
6 0.22421875 0.4140625 0.1640625 0.1375
3 0.58359375 0.4203125 0.1703125 0.340625
3 0.81484375 0.4890625 0.1640625 0.353125
5 0.83046875 0.51953125 0.1359375 0.1921875
5 0.16953125 0.56484375 0.1703125 0.2171875
3 0.203125 0.5765625 0.2375 0.465625
6 0.38515625 0.18828125 0.0953125 0.1328125
0 0.4875 0.221875 0.078125 0.109375