1 0.4421875 0.315625 0.103125 0.071875
7 0.178125 0.33203125 0.21875 0.1796875
7 0.8703125 0.3390625 0.221875 0.140625
7 0.68046875 0.36796875 0.1859375 0.1515625
1 0.81328125 0.41015625 0.0765625 0.0796875
1 0.2390625 0.41953125 0.05625 0.0515625
1 0.64453125 0.45703125 0.1046875 0.0578125
3 0.4203125 0.5640625 0.3125 0.86875
3 0.1859375 0.6109375 0.3125 0.76875
3 0.8734375 0.63203125 0.25 0.7296875
3 0.66328125 0.6390625 0.2203125 0.71875
5 0.4296875 0.703125 0.28125 0.584375
5 0.87109375 0.7546875 0.2515625 0.45625
5 0.1859375 0.76484375 0.3125 0.4421875
5 0.678125 0.771875 0.225 0.4375
6 0.453125 0.2296875 0.20625 0.178125