6 0.20546875 0.32421875 0.0734375 0.1109375
6 0.28046875 0.16484375 0.0453125 0.0515625
6 0.31640625 0.1828125 0.0359375 0.046875
6 0.43125 0.2 0.040625 0.05
6 0.50625 0.196875 0.0375 0.046875
6 0.528125 0.2671875 0.06875 0.075
6 0.75703125 0.2046875 0.0390625 0.040625
6 0.86640625 0.17578125 0.0296875 0.0328125
6 0.95 0.2125 0.0375 0.034375
5 0.159375 0.4890625 0.165625 0.321875
5 0.54453125 0.4125 0.1203125 0.196875
5 0.27109375 0.27265625 0.0578125 0.1359375
5 0.321875 0.2703125 0.059375 0.128125
5 0.4203125 0.296875 0.08125 0.1375
5 0.5 0.26796875 0.053125 0.0953125
5 0.74140625 0.28515625 0.0609375 0.1171875
5 0.84921875 0.24140625 0.0578125 0.1015625
5 0.94921875 0.27265625 0.0609375 0.0859375
3 0.14765625 0.575 0.2171875 0.596875
3 0.27421875 0.28203125 0.0578125 0.2703125
3 0.3203125 0.30859375 0.059375 0.2859375
3 0.4171875 0.33203125 0.06875 0.3078125
3 0.496875 0.32421875 0.04375 0.3078125
3 0.54921875 0.4953125 0.1546875 0.515625
3 0.7359375 0.30859375 0.09375 0.2609375
3 0.84609375 0.290625 0.0703125 0.265625
3 0.94921875 0.29921875 0.0671875 0.2296875