6 0.40703125 0.30546875 0.0546875 0.0640625
6 0.53046875 0.35078125 0.0640625 0.0765625
6 0.65546875 0.27890625 0.0734375 0.0859375
6 0.7984375 0.1765625 0.103125 0.1
5 0.4234375 0.45546875 0.109375 0.2015625
5 0.54921875 0.5234375 0.1171875 0.25
5 0.67578125 0.484375 0.1390625 0.271875
5 0.83046875 0.4328125 0.1828125 0.33125
3 0.42265625 0.52578125 0.1734375 0.5171875
3 0.54375 0.5890625 0.134375 0.553125
3 0.675 0.5828125 0.16875 0.684375
3 0.85078125 0.56015625 0.2578125 0.8734375
1 0.7921875 0.22109375 0.059375 0.0453125