0 0.32578125 0.63359375 0.0890625 0.1171875
0 0.42578125 0.3421875 0.0640625 0.071875
7 0.53046875 0.3484375 0.0640625 0.078125
7 0.60234375 0.3515625 0.0765625 0.075
7 0.79140625 0.3328125 0.1078125 0.121875
5 0.53984375 0.5265625 0.1109375 0.24375
5 0.634375 0.55859375 0.103125 0.2953125
5 0.8359375 0.609375 0.125 0.409375
5 0.4453125 0.70625 0.215625 0.21875
3 0.42109375 0.78359375 0.2828125 0.4078125
3 0.434375 0.46015625 0.128125 0.3265625
3 0.5359375 0.63203125 0.103125 0.6578125
3 0.62890625 0.63359375 0.1203125 0.6484375
3 0.825 0.628125 0.190625 0.728125