3 0.73828125 0.56015625 0.5046875 0.8421875
3 0.42265625 0.57890625 0.2359375 0.3734375
3 0.24375 0.56328125 0.128125 0.2109375
3 0.1390625 0.53046875 0.0875 0.1171875
3 0.07265625 0.50625 0.0546875 0.090625
3 0.04140625 0.5 0.0515625 0.078125
3 0.29765625 0.5015625 0.0390625 0.10625
3 0.26796875 0.4921875 0.0296875 0.09375
3 0.5234375 0.52265625 0.05 0.1171875
2 0.6203125 0.26640625 0.209375 0.2453125
2 0.4015625 0.46640625 0.121875 0.1546875
2 0.21796875 0.49609375 0.0546875 0.0796875
2 0.11796875 0.49609375 0.0453125 0.0640625
2 0.28984375 0.478125 0.0296875 0.05625