6 0.153125 0.58203125 0.05625 0.1765625
6 0.5234375 0.23671875 0.040625 0.0703125
6 0.8171875 0.2046875 0.0625 0.078125
6 0.128125 0.48359375 0.03125 0.0546875
7 0.278125 0.28125 0.04375 0.059375
5 0.28984375 0.50625 0.1546875 0.146875
5 0.815625 0.334375 0.1 0.2
5 0.5296875 0.4046875 0.115625 0.146875
5 0.5421875 0.32578125 0.075 0.1171875
5 0.7078125 0.36875 0.084375 0.184375
5 0.12265625 0.5484375 0.0546875 0.096875
3 0.11796875 0.5453125 0.0765625 0.16875
3 0.2625 0.6765625 0.265625 0.50625
3 0.2890625 0.35390625 0.125 0.2171875
3 0.409375 0.4609375 0.096875 0.43125
3 0.434375 0.46953125 0.059375 0.5078125
3 0.5234375 0.534375 0.140625 0.409375
3 0.5390625 0.29609375 0.103125 0.2171875
3 0.6984375 0.4375 0.103125 0.409375
3 0.83125 0.45390625 0.159375 0.5609375