4 0.15546875 0.33125 0.0671875 0.06875
4 0.246875 0.3984375 0.05625 0.065625
4 0.34296875 0.409375 0.0578125 0.053125
4 0.6828125 0.4140625 0.05625 0.06875
4 0.7578125 0.3890625 0.059375 0.05625
4 0.8546875 0.3609375 0.059375 0.059375
6 0.43671875 0.40625 0.0578125 0.0625
6 0.52265625 0.42734375 0.0546875 0.0640625
6 0.5890625 0.38984375 0.05 0.0578125
5 0.14296875 0.5015625 0.1171875 0.209375
5 0.24140625 0.56484375 0.1109375 0.2265625
5 0.33671875 0.5765625 0.1015625 0.221875
5 0.4390625 0.58984375 0.115625 0.2578125
5 0.51796875 0.5984375 0.0734375 0.221875
5 0.59765625 0.5734375 0.0921875 0.25625
5 0.6859375 0.56796875 0.096875 0.2109375
5 0.7671875 0.54921875 0.1 0.2078125
5 0.86640625 0.52421875 0.0953125 0.2203125
3 0.1328125 0.6078125 0.140625 0.621875
3 0.2453125 0.6421875 0.10625 0.553125
3 0.33828125 0.6484375 0.1015625 0.553125
3 0.43125 0.64375 0.109375 0.546875
3 0.5171875 0.65625 0.084375 0.5125
3 0.59609375 0.63515625 0.1078125 0.5609375
3 0.68125 0.65078125 0.0875 0.5546875
3 0.76484375 0.628125 0.0984375 0.575
3 0.8640625 0.61875 0.11875 0.6