6 0.06875 0.5328125 0.05625 0.059375
6 0.1796875 0.5546875 0.06875 0.04375
6 0.32265625 0.584375 0.0546875 0.071875
6 0.36171875 0.53046875 0.0546875 0.0703125
5 0.06796875 0.66796875 0.1234375 0.1828125
5 0.20859375 0.6703125 0.1796875 0.19375
5 0.39296875 0.70078125 0.1296875 0.2203125
5 0.42265625 0.6390625 0.1109375 0.2375
3 0.0671875 0.63828125 0.125 0.2609375
3 0.20390625 0.65078125 0.1609375 0.2390625
3 0.38359375 0.76171875 0.2046875 0.4421875
3 0.42265625 0.7234375 0.1953125 0.475
3 0.83359375 0.30859375 0.1296875 0.3046875
5 0.83671875 0.27578125 0.1203125 0.1078125