0 0.48828125 0.72890625 0.0453125 0.0796875
0 0.81484375 0.665625 0.0421875 0.084375
0 0.7640625 0.64453125 0.04375 0.0578125
6 0.59296875 0.403125 0.0453125 0.065625
7 0.59765625 0.36015625 0.0390625 0.0609375
7 0.678125 0.36796875 0.046875 0.0703125
7 0.3375 0.3828125 0.0375 0.046875
7 0.3671875 0.25078125 0.0375 0.0421875
7 0.4046875 0.209375 0.028125 0.040625
3 0.21875 0.6140625 0.1 0.359375
3 0.459375 0.78671875 0.134375 0.1859375
3 0.115625 0.6921875 0.096875 0.225
3 0.06171875 0.6125 0.0859375 0.24375
3 0.32734375 0.54765625 0.0734375 0.3796875
3 0.59140625 0.5875 0.0890625 0.434375
3 0.7546875 0.725 0.090625 0.2375
3 0.86953125 0.72734375 0.1453125 0.2265625
3 0.675 0.5078125 0.08125 0.346875
3 0.58984375 0.41015625 0.0765625 0.1546875
3 0.62421875 0.45546875 0.0703125 0.4078125
3 0.415625 0.3765625 0.065625 0.384375
3 0.3625 0.33046875 0.04375 0.2078125
3 0.49609375 0.378125 0.0703125 0.209375
2 0.1 0.59375 0.028125 0.040625