6 0.4328125 0.38515625 0.06875 0.0796875
6 0.48046875 0.40859375 0.0546875 0.0734375
6 0.753125 0.37109375 0.071875 0.0640625
4 0.3546875 0.4109375 0.0625 0.065625
5 0.4171875 0.5609375 0.15 0.25625
5 0.76484375 0.5453125 0.1109375 0.2
5 0.6140625 0.45078125 0.028125 0.0703125
3 0.31953125 0.6421875 0.1078125 0.521875
3 0.05546875 0.67890625 0.1109375 0.6234375
3 0.41796875 0.67109375 0.1328125 0.6421875
3 0.5109375 0.6515625 0.121875 0.56875
3 0.56015625 0.60625 0.0890625 0.46875
3 0.64921875 0.61015625 0.1046875 0.4609375
3 0.7671875 0.62109375 0.146875 0.5984375
3 0.94609375 0.58203125 0.0953125 0.3734375
3 0.921875 0.55 0.084375 0.378125
2 0.51953125 0.403125 0.0359375 0.046875
2 0.55859375 0.39453125 0.0453125 0.0515625
2 0.63515625 0.40546875 0.0484375 0.0546875